{
 "cells": [
  {
   "metadata": {
    "ExecuteTime": {
     "end_time": "2024-08-24T21:23:10.672179Z",
     "start_time": "2024-08-24T21:22:56.470408Z"
    }
   },
   "cell_type": "code",
   "source": [
    "import zipfile\n",
    "import os\n",
    "import json\n",
    "import os\n",
    "import re\n",
    "import sys\n",
    "import gzip\n",
    "import json\n",
    "import pandas as pd\n",
    "import numpy as np\n",
    "from autofaiss import build_index\n",
    "sys.path.append('/viscam/u/iamisaac/clip-retrieval')\n",
    "from clip_retrieval.clip_inference import main"
   ],
   "id": "dd5a2fa783ca0de2",
   "outputs": [
    {
     "name": "stderr",
     "output_type": "stream",
     "text": [
      "/viscam/u/iamisaac/miniconda3/envs/mast3r/lib/python3.11/site-packages/tqdm/auto.py:21: TqdmWarning: IProgress not found. Please update jupyter and ipywidgets. See https://ipywidgets.readthedocs.io/en/stable/user_install.html\n",
      "  from .autonotebook import tqdm as notebook_tqdm\n"
     ]
    }
   ],
   "execution_count": 2
  },
  {
   "cell_type": "code",
   "id": "initial_id",
   "metadata": {
    "collapsed": true,
    "ExecuteTime": {
     "end_time": "2024-08-24T22:32:26.481950Z",
     "start_time": "2024-08-24T22:32:26.467903Z"
    }
   },
   "source": [
    "\n",
    "def read_file_names(zip_path):\n",
    "    with zipfile.ZipFile(zip_path, 'r') as zip_ref:\n",
    "        # List all files in the ZIP\n",
    "        print(f\"File Length: {len(zip_ref.infolist())}\")\n",
    "        print(\"Files in the ZIP:\")\n",
    "        num_read = 0\n",
    "        for file_info in zip_ref.infolist():\n",
    "            print(f\"- {file_info.filename}\")\n",
    "\n",
    "def read_sequence(zip_path):\n",
    "    seen = set()\n",
    "    with zipfile.ZipFile(zip_path, 'r') as zip_ref:\n",
    "        # List all files in the ZIP\n",
    "        print(f\"File Length: {len(zip_ref.infolist())}\")\n",
    "        print(\"Files in the ZIP:\")\n",
    "        num_read = 0\n",
    "        for file_info in zip_ref.infolist():\n",
    "            file_name = file_info.filename.split(\"/\")\n",
    "            file_name = [item for item in file_name if item != \"\"]\n",
    "            if len(file_name) >= 2 and not file_name[1][:3].isnumeric():\n",
    "                print(file_info.filename)\n",
    "\n",
    "\n",
    "\n",
    "def read_set_lists(zip_path, split_name=\"val\"):\n",
    "    split_metadata = []\n",
    "    with zipfile.ZipFile(zip_path, 'r') as zip_ref:\n",
    "        # List all files in the ZIP\n",
    "        print(f\"File Length: {len(zip_ref.infolist())}\")\n",
    "        print(\"Files in the ZIP:\")\n",
    "        set_list_files = []\n",
    "        num_read = 0\n",
    "        for file_info in zip_ref.infolist():\n",
    "            file_name = file_info.filename.split(\"/\")\n",
    "            if len(file_name) == 3 and file_name[1] == \"set_lists\" and file_name[2].startswith(\"set_lists_\") and file_name[2].endswith('.json'):\n",
    "                set_list_files.append(file_info)\n",
    "        for set_list_file in set_list_files:\n",
    "            with zip_ref.open(set_list_file) as file:\n",
    "                print(f\"\\nContents of {set_list_file.filename}:\")\n",
    "                json_data = json.loads(file.read().decode('utf-8'))\n",
    "                split_metadata.extend(json_data[split_name])\n",
    "    return split_metadata\n",
    "\n",
    "def get_img_dirs(img_root_dir):\n",
    "    # Regular expression pattern to match directory names\n",
    "    # with two underscores separated by numbers\n",
    "    pattern = r'\\d+_\\d+_\\d+'\n",
    "    paths = []\n",
    "    for dir_name in os.listdir(img_root_dir):\n",
    "        full_path = os.path.join(img_root_dir, dir_name)\n",
    "        if os.path.isdir(full_path) and re.match(pattern, dir_name):\n",
    "            images_path = os.path.join(full_path, \"images\")\n",
    "            paths.append(images_path)\n",
    "    return paths\n",
    "    \n",
    "def run_clip_inference(img_dir, output_path):\n",
    "    print(f\"Running clip inference for {img_dir} saved to {output_path}\")\n",
    "    os.makedirs(output_path, exist_ok=True)\n",
    "    main.main(\n",
    "        input_dataset=img_dir,\n",
    "        output_folder=output_path,\n",
    "        clip_model=\"ViT-L/14\"\n",
    "    )\n",
    "\n",
    "def get_viewpoint_from_annotations(seq_str, frame_number, annotations):\n",
    "    viewpoint = {}\n",
    "    for annotation in annotations:\n",
    "        if annotation[\"sequence_name\"] == seq_str and annotation[\"frame_number\"] == frame_number:\n",
    "            R = annotation[\"viewpoint\"][\"R\"]\n",
    "            R = str([item for sublist in R for item in sublist])\n",
    "            T = str(annotation[\"viewpoint\"][\"T\"])\n",
    "            \n",
    "            viewpoint[\"R\"] = R\n",
    "            viewpoint[\"T\"] = T\n",
    "            viewpoint[\"focal_length\"] = str(annotation[\"viewpoint\"][\"focal_length\"])\n",
    "            viewpoint[\"principal_point\"] = str(annotation[\"viewpoint\"][\"principal_point\"])\n",
    "            viewpoint[\"intrinsics_format\"] = annotation[\"viewpoint\"][\"intrinsics_format\"]\n",
    "            return viewpoint\n",
    "\n",
    "def merge_embeddings_into_parquet_files(\n",
    "        src_parquet_file_path,\n",
    "        src_npy_file_path,\n",
    "        target_directory,\n",
    "        all_annotations,\n",
    "):\n",
    "    \"\"\"\n",
    "    Merges embedding, metdata, and existing parquet file into a single parquet file for a given sequence.\n",
    "    \"\"\"\n",
    "\n",
    "    metadata = pd.read_parquet(src_parquet_file_path)\n",
    "    metadata_embedding = np.load(src_npy_file_path)\n",
    "    metadata_embedding = metadata_embedding.tolist()\n",
    "    annotations = {\"sequence_name\":[], \"frame_number\":[], \"embedding\": [], \"image_path\":[], \"R\":[], \"T\":[], \"focal_length\":[], \"intrinsics_format\":[], \"principal_point\":[]}\n",
    "    for file_path, embedding in zip(metadata[\"image_path\"], metadata_embedding):\n",
    "        split_file_path = file_path.split(\"/\")\n",
    "        frame_num = int(split_file_path[-1][-8:-4])\n",
    "\n",
    "        seq_name = split_file_path[-3]\n",
    "        viewpoint = get_viewpoint_from_annotations(seq_name, frame_num, all_annotations)\n",
    "        if not viewpoint:\n",
    "            print(f\"viewpoint for {seq_name} and {frame_num} not found !!!\")\n",
    "            continue\n",
    "            \n",
    "        annotations[\"sequence_name\"].append(seq_name)\n",
    "        annotations[\"frame_number\"].append(frame_num)\n",
    "        annotations[\"embedding\"].append(embedding)\n",
    "        annotations[\"image_path\"].append(file_path)\n",
    "        \n",
    "        # Add rotation, position, and camera\n",
    "        annotations[\"R\"].append(viewpoint[\"R\"])\n",
    "        annotations[\"T\"].append(viewpoint[\"T\"])\n",
    "        annotations[\"focal_length\"].append(viewpoint[\"focal_length\"])\n",
    "        annotations[\"principal_point\"].append(viewpoint[\"principal_point\"])\n",
    "        annotations[\"intrinsics_format\"].append(viewpoint[\"intrinsics_format\"])\n",
    "        \n",
    "    new_metadata = pd.DataFrame(annotations)\n",
    "    metadata_dst_path = os.path.join(target_directory, f'{seq_name}.parquet')\n",
    "    print(f\"Saving merged parquet file to {metadata_dst_path} with {len(metadata_embedding)} rows\")\n",
    "    os.makedirs(target_directory, exist_ok=True)\n",
    "    new_metadata.to_parquet(\n",
    "        metadata_dst_path\n",
    "    )\n",
    "\n",
    "def index_co3d(obj_paths, output_path=\"/viscam/u/iamisaac/sfs/co3d_embeddings/final\"):\n",
    "    \"\"\"\n",
    "    obj_paths: A list of paths to individual object directories. ex: ['path/to/co3d/apple', 'path/to/co3d/car']\n",
    "    \n",
    "    Expected file structure of each path in obj_paths:\n",
    "        - path/to/apple/sequence_annotations.jgz\n",
    "        - path/to/apple/76_7808_16298/images/frame000001.jpg\n",
    "    \"\"\"\n",
    "    parquet_output_path = os.path.join(output_path, \"metadata\")\n",
    "    for obj_path in obj_paths:\n",
    "        \"\"\"\n",
    "        Given: \n",
    "            obj_path = 'path/to/co3d/apple'\n",
    "            output_path = \"path/to/index\"\n",
    "        \n",
    "        embedding_output_path = \"path/to/index/apple\"\n",
    "        \"\"\"\n",
    "        embedding_output_path = os.path.join(output_path, os.path.basename(obj_path))\n",
    "        img_dirs = get_img_dirs(obj_path)\n",
    "        num_iter = 0\n",
    "        annotations_path = os.path.join(obj_path, \"frame_annotations.jgz\")\n",
    "        with gzip.open(annotations_path, 'rt', encoding='utf-8') as file:\n",
    "            annotations = json.load(file)\n",
    "            for img_dir in img_dirs:\n",
    "                seq_num = img_dir.split(\"/\")[-2]\n",
    "                clip_inference_output_path = os.path.join(embedding_output_path, seq_num)\n",
    "                parquet_file_path = os.path.join(clip_inference_output_path, \"metadata\", \"metadata_0.parquet\")\n",
    "                embedding_file_path = os.path.join(clip_inference_output_path, \"img_emb\", \"img_emb_0.npy\")\n",
    "                \n",
    "                # Run clip inference and save clip embeddings in ../img_emb/img_emb_0.npy\n",
    "                run_clip_inference(img_dir, clip_inference_output_path)\n",
    "                \n",
    "                # Merge metadata from ../metadata/metadata_0.parquet and clip embeddings from ../img_emb/img_emb_0.npy\n",
    "                # and save to parquet_output_path with annotations\n",
    "                merge_embeddings_into_parquet_files(parquet_file_path, embedding_file_path, parquet_output_path, annotations)\n",
    "                num_iter +=1\n",
    "                if num_iter == 10:\n",
    "                    break\n",
    "    build_index(\n",
    "        embeddings=os.path.join(output_path, 'metadata'),\n",
    "        index_path=os.path.join(output_path,'image.index'),\n",
    "        file_format='parquet',\n",
    "    )\n"
   ],
   "outputs": [],
   "execution_count": 24
  },
  {
   "metadata": {
    "ExecuteTime": {
     "end_time": "2024-08-24T22:36:59.206435Z",
     "start_time": "2024-08-24T22:33:00.955248Z"
    }
   },
   "cell_type": "code",
   "source": [
    "# zip_path = \"/viscam/data/co3d\"\n",
    "# zip_file_name = \"keyboard_000.zip\"\n",
    "# # read_file_names(os.path.join(zip_path, zip_file_name))\n",
    "# read_sequence(os.path.join(zip_path, \"keyboard_001.zip\"))\n",
    "obj_paths = [\"/viscam/u/iamisaac/sfs/co3d_data/car\", \"/viscam/data/co3d/apple\"]\n",
    "index_co3d(obj_paths, \"/viscam/u/iamisaac/sfs/co3d_embeddings/final4\")"
   ],
   "id": "d62f0b368f452c0d",
   "outputs": [
    {
     "name": "stdout",
     "output_type": "stream",
     "text": [
      "Running clip inference for /viscam/u/iamisaac/sfs/co3d_data/car/106_12674_24709/images saved to /viscam/u/iamisaac/sfs/co3d_embeddings/final4/car/106_12674_24709\n",
      "The number of samples has been estimated to be 202\n",
      "Starting the worker\n",
      "dataset is 59\n",
      "Starting work on task 0\n",
      " sample_per_sec 18 ; sample_count 202 {'R': '[0.7513739466667175, 0.5094317197799683, 0.41942405700683594, -0.17679552733898163, -0.4569590985774994, 0.8717406392097473, 0.6357519626617432, -0.7291554808616638, -0.2532818913459778]', 'T': '[0.96485835313797, 1.8514238595962524, 11.39902114868164]', 'focal_length': '[13.506386756896973, 13.506386756896973]', 'principal_point': '[-0.004629629664123058, -0.004629629664123058]', 'intrinsics_format': 'ndc_isotropic'}\n",
      "{'R': '[0.7476114630699158, 0.5121258497238159, 0.4228525459766388, -0.18012277781963348, -0.4564783275127411, 0.8713112473487854, 0.639244019985199, -0.7275676131248474, -0.24902290105819702]', 'T': '[1.012723684310913, 1.9394097328186035, 10.904176712036133]', 'focal_length': '[13.110897064208984, 13.110897064208984]', 'principal_point': '[-0.004629629664123058, 0.004629629664123058]', 'intrinsics_format': 'ndc_isotropic'}\n",
      "{'R': '[0.7450413703918457, 0.5133753418922424, 0.4258628189563751, -0.18136052787303925, -0.4584912955760956, 0.8699966073036194, 0.641889214515686, -0.7254181504249573, -0.24848894774913788]', 'T': '[1.068819284439087, 1.9817214012145996, 11.083441734313965]', 'focal_length': '[13.580921173095703, 13.580921173095703]', 'principal_point': '[0.004629629664123058, -0.004629629664123058]', 'intrinsics_format': 'ndc_isotropic'}\n",
      "{'R': '[0.7374128103256226, 0.5166209936141968, 0.4351150095462799, -0.1882908046245575, -0.4614262282848358, 0.8669673800468445, 0.64866703748703, -0.7212409973144531, -0.24298661947250366]', 'T': '[1.18613862991333, 1.9162358045578003, 10.959036827087402]', 'focal_length': '[13.94564151763916, 13.94564151763916]', 'principal_point': '[-0.004629629664123058, -0.0]', 'intrinsics_format': 'ndc_isotropic'}\n",
      "{'R': '[0.7219400405883789, 0.5213143825531006, 0.455009788274765, -0.20696046948432922, -0.4647902548313141, 0.8608933687210083, 0.6602802276611328, -0.7156823873519897, -0.227659210562706]', 'T': '[1.3932888507843018, 1.5131137371063232, 10.766074180603027]', 'focal_length': '[14.108575820922852, 14.108575820922852]', 'principal_point': '[-0.0, -0.0]', 'intrinsics_format': 'ndc_isotropic'}\n",
      "{'R': '[0.7103347778320312, 0.5237372517585754, 0.47023800015449524, -0.21917735040187836, -0.47027823328971863, 0.8548682332038879, 0.6688690185546875, -0.7103081345558167, -0.21926364302635193]', 'T': '[1.4114489555358887, 1.2618387937545776, 10.724990844726562]', 'focal_length': '[14.091361045837402, 14.091361045837402]', 'principal_point': '[-0.0, -0.0]', 'intrinsics_format': 'ndc_isotropic'}\n",
      "{'R': '[0.6885721683502197, 0.5300384759902954, 0.4949016273021698, -0.24052190780639648, -0.4769025146961212, 0.8454071283340454, 0.6841181516647339, -0.7011584639549255, -0.20089592039585114]', 'T': '[1.2483634948730469, 0.9457861185073853, 10.71090316772461]', 'focal_length': '[14.190620422363281, 14.190620422363281]', 'principal_point': '[-0.0, 0.004629629664123058]', 'intrinsics_format': 'ndc_isotropic'}\n",
      "{'R': '[0.6748048067092896, 0.5359435081481934, 0.5073490738868713, -0.2546038031578064, -0.4761962890625, 0.8416733145713806, 0.6926870942115784, -0.6971381902694702, -0.18488627672195435]', 'T': '[1.1942497491836548, 0.8566746115684509, 10.303030967712402]', 'focal_length': '[13.748334884643555, 13.748334884643555]', 'principal_point': '[-0.004629629664123058, 0.004629629664123058]', 'intrinsics_format': 'ndc_isotropic'}\n",
      "{'R': '[0.6516595482826233, 0.5475983023643494, 0.5248579382896423, -0.2702077329158783, -0.47896990180015564, 0.8352099061012268, 0.7087507247924805, -0.6860932111740112, -0.16416002810001373]', 'T': '[1.173190712928772, 1.005699634552002, 10.56750202178955]', 'focal_length': '[14.304327011108398, 14.304327011108398]', 'principal_point': '[0.004629629664123058, 0.004629629664123058]', 'intrinsics_format': 'ndc_isotropic'}\n",
      "{'R': '[0.6375435590744019, 0.5587412714958191, 0.5304209589958191, -0.2781520485877991, -0.4751114547252655, 0.8348056674003601, 0.7184494733810425, -0.6797626614570618, -0.14748923480510712]', 'T': '[1.206538200378418, 1.2577162981033325, 10.815067291259766]', 'focal_length': '[14.50861644744873, 14.50861644744873]', 'principal_point': '[-0.0, -0.0]', 'intrinsics_format': 'ndc_isotropic'}\n",
      "{'R': '[0.6119033098220825, 0.5751874446868896, 0.5428938269615173, -0.29354074597358704, -0.4722234010696411, 0.8311672210693359, 0.7344440817832947, -0.6679553985595703, -0.12011411041021347]', 'T': '[1.2176408767700195, 1.6217553615570068, 11.166154861450195]', 'focal_length': '[14.551691055297852, 14.551691055297852]', 'principal_point': '[-0.0, -0.0]', 'intrinsics_format': 'ndc_isotropic'}\n",
      "{'R': '[0.5952137112617493, 0.5868704915046692, 0.5489113926887512, -0.3041098117828369, -0.46777263283729553, 0.8298830986022949, 0.74379962682724, -0.6608871221542358, -0.0999515950679779]', 'T': '[1.154334545135498, 1.7655293941497803, 11.225809097290039]', 'focal_length': '[14.360245704650879, 14.360245704650879]', 'principal_point': '[-0.004629629664123058, -0.0]', 'intrinsics_format': 'ndc_isotropic'}\n",
      "{'R': '[0.5650863647460938, 0.6002311706542969, 0.5660388469696045, -0.3197506368160248, -0.47312766313552856, 0.8209200501441956, 0.7605504393577576, -0.6448820233345032, -0.07543369382619858]', 'T': '[0.879723310470581, 1.7744474411010742, 11.41212272644043]', 'focal_length': '[14.551783561706543, 14.551783561706543]', 'principal_point': '[-0.0, -0.0]', 'intrinsics_format': 'ndc_isotropic'}\n",
      "{'R': '[0.5461674928665161, 0.6116079092025757, 0.5723956823348999, -0.32920581102371216, -0.4716174304485321, 0.8180468082427979, 0.7702757120132446, -0.6352265477180481, -0.056237224489450455]', 'T': '[0.6547000408172607, 1.6875038146972656, 11.146135330200195]', 'focal_length': '[14.246757507324219, 14.246757507324219]', 'principal_point': '[-0.0, -0.004629629664123058]', 'intrinsics_format': 'ndc_isotropic'}\n",
      "{'R': '[0.5125539302825928, 0.6236130595207214, 0.5902501344680786, -0.3468981981277466, -0.4784259796142578, 0.8067032694816589, 0.7854617238044739, -0.6182356476783752, -0.028888894245028496]', 'T': '[0.2896607220172882, 1.4416722059249878, 10.789069175720215]', 'focal_length': '[13.978389739990234, 13.978389739990234]', 'principal_point': '[-0.004629629664123058, -0.004629629664123058]', 'intrinsics_format': 'ndc_isotropic'}\n",
      "{'R': '[0.4919815957546234, 0.6314677000045776, 0.5993351936340332, -0.3500193953514099, -0.486858606338501, 0.8002843856811523, 0.7971452474594116, -0.6035041213035583, -0.018499532714486122]', 'T': '[0.021981574594974518, 1.1892225742340088, 11.096654891967773]', 'focal_length': '[14.51051139831543, 14.51051139831543]', 'principal_point': '[-0.0, -0.004629629664123058]', 'intrinsics_format': 'ndc_isotropic'}\n",
      "{'R': '[0.4542560279369354, 0.6405140161514282, 0.619187593460083, -0.36491063237190247, -0.5002753734588623, 0.7852163910865784, 0.8127064108848572, -0.582637369632721, 0.006477267947047949]', 'T': '[-0.2725856304168701, 0.9375768899917603, 10.58009147644043]', 'focal_length': '[14.267036437988281, 14.267036437988281]', 'principal_point': '[-0.004629629664123058, -0.0]', 'intrinsics_format': 'ndc_isotropic'}\n",
      "{'R': '[0.4321680963039398, 0.64803546667099, 0.6271210312843323, -0.370090514421463, -0.5067036151885986, 0.7786427140235901, 0.8223525881767273, -0.5685960650444031, 0.020850639790296555]', 'T': '[-0.25594455003738403, 0.904701292514801, 10.507820129394531]', 'focal_length': '[14.331632614135742, 14.331632614135742]', 'principal_point': '[-0.004629629664123058, -0.0]', 'intrinsics_format': 'ndc_isotropic'}\n",
      "{'R': '[0.4012719988822937, 0.6613903641700745, 0.6336746215820312, -0.37306272983551025, -0.5138216614723206, 0.7725357413291931, 0.8365435004234314, -0.54639732837677, 0.040557861328125]', 'T': '[-0.06828846037387848, 0.8828600645065308, 10.342538833618164]', 'focal_length': '[14.282108306884766, 14.282108306884766]', 'principal_point': '[-0.0, 0.004629629664123058]', 'intrinsics_format': 'ndc_isotropic'}\n",
      "{'R': '[0.36951953172683716, 0.6733576059341431, 0.640347421169281, -0.3781592547893524, -0.5205015540122986, 0.7655545473098755, 0.8487938046455383, -0.5250406265258789, 0.06230093911290169]', 'T': '[0.09254966676235199, 0.9192262887954712, 10.267633438110352]', 'focal_length': '[14.584473609924316, 14.584473609924316]', 'principal_point': '[-0.004629629664123058, -0.0]', 'intrinsics_format': 'ndc_isotropic'}\n",
      "{'R': '[0.3490445613861084, 0.681253969669342, 0.6434756517410278, -0.38078954815864563, -0.5243075489997864, 0.7616435885429382, 0.8562518358230591, -0.5108763575553894, 0.07640767842531204]', 'T': '[0.21964015066623688, 0.932708740234375, 10.282747268676758]', 'focal_length': '[14.69194507598877, 14.69194507598877]', 'principal_point': '[-0.004629629664123058, -0.004629629664123058]', 'intrinsics_format': 'ndc_isotropic'}\n",
      "{'R': '[0.3157517910003662, 0.6900795698165894, 0.6512227058410645, -0.3846703767776489, -0.534302830696106, 0.7526946067810059, 0.8673692941665649, -0.4881707429885864, 0.09674607962369919]', 'T': '[0.29071831703186035, 0.9306678175926208, 10.314641952514648]', 'focal_length': '[14.696333885192871, 14.696333885192871]', 'principal_point': '[-0.004629629664123058, -0.004629629664123058]', 'intrinsics_format': 'ndc_isotropic'}\n",
      "{'R': '[0.29279130697250366, 0.6976984739303589, 0.6538273096084595, -0.39034658670425415, -0.53700190782547, 0.7478358745574951, 0.8728704452514648, -0.47417908906936646, 0.1151147186756134]', 'T': '[0.22087214887142181, 0.9768948554992676, 10.524754524230957]', 'focal_length': '[14.862252235412598, 14.862252235412598]', 'principal_point': '[-0.0, -0.0]', 'intrinsics_format': 'ndc_isotropic'}\n",
      "{'R': '[0.25680282711982727, 0.7081938982009888, 0.6576577425003052, -0.3984861671924591, -0.5423564910888672, 0.7396338582038879, 0.8804891109466553, -0.45200756192207336, 0.14292681217193604]', 'T': '[-0.025789448991417885, 1.0934419631958008, 10.804381370544434]', 'focal_length': '[14.963286399841309, 14.963286399841309]', 'principal_point': '[-0.0, -0.004629629664123058]', 'intrinsics_format': 'ndc_isotropic'}\n",
      "{'R': '[0.230421781539917, 0.7157818078994751, 0.6592133045196533, -0.4045914113521576, -0.5456390976905823, 0.7338826656341553, 0.8849924206733704, -0.43581458926200867, 0.16387204825878143]', 'T': '[-0.23351223766803741, 1.183168649673462, 10.782868385314941]', 'focal_length': '[14.717710494995117, 14.717710494995117]', 'principal_point': '[-0.0, -0.0]', 'intrinsics_format': 'ndc_isotropic'}\n",
      "{'R': '[0.18732260167598724, 0.7220757603645325, 0.6659705638885498, -0.41378355026245117, -0.5568817257881165, 0.7201846837997437, 0.8908947110176086, -0.4104745388031006, 0.19446654617786407]', 'T': '[-0.49604082107543945, 1.2217329740524292, 10.9412260055542]', 'focal_length': '[14.596187591552734, 14.596187591552734]', 'principal_point': '[-0.0, -0.0]', 'intrinsics_format': 'ndc_isotropic'}\n",
      "{'R': '[0.15866777300834656, 0.7249739170074463, 0.670251727104187, -0.4199562966823578, -0.5648267269134521, 0.7103573083877563, 0.8935666084289551, -0.39418724179267883, 0.21483756601810455]', 'T': '[-0.5897472500801086, 1.2527960538864136, 11.03829288482666]', 'focal_length': '[14.470061302185059, 14.470061302185059]', 'principal_point': '[-0.0, 0.004629629664123058]', 'intrinsics_format': 'ndc_isotropic'}\n",
      "{'R': '[0.11507844179868698, 0.7292958498001099, 0.6744512915611267, -0.4266567528247833, -0.5768565535545349, 0.6965633630752563, 0.8970624208450317, -0.36791861057281494, 0.24477525055408478]', 'T': '[-0.5834801197052002, 1.3283145427703857, 11.30185604095459]', 'focal_length': '[14.363672256469727, 14.363672256469727]', 'principal_point': '[-0.0, 0.004629629664123058]', 'intrinsics_format': 'ndc_isotropic'}\n",
      "{'R': '[0.086849644780159, 0.7302252054214478, 0.6776638031005859, -0.427754282951355, -0.5870025157928467, 0.6873531341552734, 0.8997129797935486, -0.34956997632980347, 0.2613759934902191]', 'T': '[-0.593101978302002, 1.4162744283676147, 11.418468475341797]', 'focal_length': '[14.345096588134766, 14.345096588134766]', 'principal_point': '[-0.004629629664123058, -0.0]', 'intrinsics_format': 'ndc_isotropic'}\n",
      "{'R': '[0.04359951987862587, 0.7321950197219849, 0.67969810962677, -0.4290179908275604, -0.6006991267204285, 0.6746140718460083, 0.9022431373596191, -0.3210155665874481, 0.28793466091156006]', 'T': '[-0.6773657202720642, 1.5808132886886597, 11.521573066711426]', 'focal_length': '[14.362707138061523, 14.362707138061523]', 'principal_point': '[-0.0, -0.004629629664123058]', 'intrinsics_format': 'ndc_isotropic'}\n",
      "{'R': '[0.015704281628131866, 0.7318425178527832, 0.6812928318977356, -0.4275073707103729, -0.6110411882400513, 0.6662327647209167, 0.903875470161438, -0.30172041058540344, 0.3032720983028412]', 'T': '[-0.7365952134132385, 1.6099720001220703, 11.53407096862793]', 'focal_length': '[14.362911224365234, 14.362911224365234]', 'principal_point': '[-0.0, 0.004629629664123058]', 'intrinsics_format': 'ndc_isotropic'}\n",
      "{'R': '[-0.02846263162791729, 0.7307716608047485, 0.6820283532142639, -0.42604318261146545, -0.6260963082313538, 0.6530624628067017, 0.9042549729347229, -0.27198565006256104, 0.3291606307029724]', 'T': '[-0.8239037394523621, 1.5223262310028076, 11.466574668884277]', 'focal_length': '[14.321019172668457, 14.321019172668457]', 'principal_point': '[-0.0, -0.0]', 'intrinsics_format': 'ndc_isotropic'}\n",
      "{'R': '[-0.05709587782621384, 0.7269297242164612, 0.6843341588973999, -0.4238249361515045, -0.638270378112793, 0.6426377892494202, 0.9039427638053894, -0.25334593653678894, 0.3445335626602173]', 'T': '[-0.9249196648597717, 1.518487811088562, 11.46299934387207]', 'focal_length': '[14.625177383422852, 14.625177383422852]', 'principal_point': '[-0.0, 0.004629629664123058]', 'intrinsics_format': 'ndc_isotropic'}\n",
      "{'R': '[-0.10198655724525452, 0.7248746752738953, 0.681289553642273, -0.42086097598075867, -0.6519913077354431, 0.6307007074356079, 0.9013738036155701, -0.22240519523620605, 0.3715658187866211]', 'T': '[-1.045042634010315, 1.4569048881530762, 10.881183624267578]', 'focal_length': '[14.516098976135254, 14.516098976135254]', 'principal_point': '[-0.004629629664123058, 0.004629629664123058]', 'intrinsics_format': 'ndc_isotropic'}\n",
      "{'R': '[-0.1324138343334198, 0.7228538393974304, 0.6781952977180481, -0.41700154542922974, -0.6613484621047974, 0.6234804391860962, 0.8992087244987488, -0.20025105774402618, 0.38900285959243774]', 'T': '[-1.0363426208496094, 1.2889065742492676, 10.4159517288208]', 'focal_length': '[14.254948616027832, 14.254948616027832]', 'principal_point': '[-0.0, -0.004629629664123058]', 'intrinsics_format': 'ndc_isotropic'}\n",
      "{'R': '[-0.1764947772026062, 0.7119104266166687, 0.6797301769256592, -0.41212475299835205, -0.6805731058120728, 0.6057833433151245, 0.8938695788383484, -0.1732160449028015, 0.41351351141929626]', 'T': '[-0.8848026394844055, 0.9090051651000977, 10.149266242980957]', 'focal_length': '[14.316208839416504, 14.316208839416504]', 'principal_point': '[-0.0, -0.0]', 'intrinsics_format': 'ndc_isotropic'}\n",
      "{'R': '[-0.20567968487739563, 0.7068988084793091, 0.6767495274543762, -0.4124738276004791, -0.689728856086731, 0.5950961709022522, 0.8874464631080627, -0.15674227476119995, 0.4334404766559601]', 'T': '[-0.7594665288925171, 0.7332776784896851, 10.088895797729492]', 'focal_length': '[14.403677940368652, 14.403677940368652]', 'principal_point': '[-0.004629629664123058, -0.004629629664123058]', 'intrinsics_format': 'ndc_isotropic'}\n",
      "{'R': '[-0.253037691116333, 0.6984586119651794, 0.6694232821464539, -0.4064548909664154, -0.7046623229980469, 0.5815887451171875, 0.8779330253601074, -0.12492650002241135, 0.46219804883003235]', 'T': '[-0.5924499034881592, 0.5561141967773438, 10.023555755615234]', 'focal_length': '[14.325687408447266, 14.325687408447266]', 'principal_point': '[-0.0, -0.0]', 'intrinsics_format': 'ndc_isotropic'}\n",
      "{'R': '[-0.2847733199596405, 0.6932833194732666, 0.6620138883590698, -0.40281301736831665, -0.7132214903831482, 0.5736347436904907, 0.8698539137840271, -0.1033119335770607, 0.482369989156723]', 'T': '[-0.5244133472442627, 0.63935387134552, 9.956991195678711]', 'focal_length': '[14.250743865966797, 14.250743865966797]', 'principal_point': '[-0.0, -0.0]', 'intrinsics_format': 'ndc_isotropic'}\n",
      "{'R': '[-0.33339545130729675, 0.6830558776855469, 0.6498323678970337, -0.39940813183784485, -0.7266881465911865, 0.5589252710342407, 0.8540027141571045, -0.07320518791675568, 0.5150926113128662]', 'T': '[-0.6046473383903503, 0.9035466313362122, 10.10132884979248]', 'focal_length': '[14.586204528808594, 14.586204528808594]', 'principal_point': '[-0.0, -0.0]', 'intrinsics_format': 'ndc_isotropic'}\n",
      "{'R': '[-0.36694371700286865, 0.6786127686500549, 0.6362680196762085, -0.4000331163406372, -0.7326202392578125, 0.5506733059883118, 0.8398367762565613, -0.05246217921376228, 0.5402979850769043]', 'T': '[-0.7367180585861206, 1.099688172340393, 10.070272445678711]', 'focal_length': '[14.681687355041504, 14.681687355041504]', 'principal_point': '[0.004629629664123058, -0.0]', 'intrinsics_format': 'ndc_isotropic'}\n",
      "{'R': '[-0.4187995195388794, 0.6687003970146179, 0.6143669486045837, -0.4002613425254822, -0.7432243227958679, 0.5361049175262451, 0.8151060342788696, -0.021386831998825073, 0.5789169073104858]', 'T': '[-0.9712927341461182, 1.266762375831604, 9.955086708068848]', 'focal_length': '[14.537659645080566, 14.537659645080566]', 'principal_point': '[0.004629629664123058, -0.004629629664123058]', 'intrinsics_format': 'ndc_isotropic'}\n",
      "{'R': '[-0.4529111087322235, 0.6600772142410278, 0.5993075966835022, -0.40062496066093445, -0.7511935830116272, 0.5246025323867798, 0.7964742183685303, -0.00249925022944808, 0.6046673655509949]', 'T': '[-1.1461924314498901, 1.348623275756836, 9.963203430175781]', 'focal_length': '[14.602364540100098, 14.602364540100098]', 'principal_point': '[-0.0, 0.004629629664123058]', 'intrinsics_format': 'ndc_isotropic'}\n",
      "{'R': '[-0.5020989775657654, 0.6429276466369629, 0.5783949494361877, -0.39520055055618286, -0.7654722332954407, 0.5078077912330627, 0.7692289352416992, 0.026387779042124748, 0.6384281516075134]', 'T': '[-1.3011784553527832, 1.339340329170227, 9.864644050598145]', 'focal_length': '[14.734434127807617, 14.734434127807617]', 'principal_point': '[-0.0, -0.0]', 'intrinsics_format': 'ndc_isotropic'}\n",
      "{'R': '[-0.5343292951583862, 0.6312587261199951, 0.5621428489685059, -0.3913915157318115, -0.7742217183113098, 0.49738654494285583, 0.7492028474807739, 0.04575027525424957, 0.6607586741447449]', 'T': '[-1.2666314840316772, 1.2610188722610474, 9.584368705749512]', 'focal_length': '[14.47261905670166, 14.47261905670166]', 'principal_point': '[0.004629629664123058, 0.004629629664123058]', 'intrinsics_format': 'ndc_isotropic'}\n",
      "{'R': '[-0.5772112011909485, 0.6111624240875244, 0.5415788888931274, -0.38491180539131165, -0.788545548915863, 0.47962361574172974, 0.7201875448226929, 0.06838402152061462, 0.6904009580612183]', 'T': '[-1.2222670316696167, 1.138441801071167, 9.426280975341797]', 'focal_length': '[14.33158016204834, 14.33158016204834]', 'principal_point': '[-0.004629629664123058, 0.004629629664123058]', 'intrinsics_format': 'ndc_isotropic'}\n",
      "{'R': '[-0.6032971739768982, 0.5949257612228394, 0.5311269760131836, -0.3800000250339508, -0.7999531030654907, 0.4644082486629486, 0.7011650800704956, 0.07834795117378235, 0.7086812853813171]', 'T': '[-1.2791622877120972, 1.2094637155532837, 9.67449951171875]', 'focal_length': '[14.925738334655762, 14.925738334655762]', 'principal_point': '[-0.004629629664123058, 0.004629629664123058]', 'intrinsics_format': 'ndc_isotropic'}\n",
      "{'R': '[-0.6412020921707153, 0.57289719581604, 0.5105376243591309, -0.36924636363983154, -0.8135645985603333, 0.44918787479400635, 0.6726938486099243, 0.09950604289770126, 0.7331995368003845]', 'T': '[-1.3220300674438477, 1.5034464597702026, 9.81960678100586]', 'focal_length': '[15.279204368591309, 15.279204368591309]', 'principal_point': '[0.004629629664123058, 0.004629629664123058]', 'intrinsics_format': 'ndc_isotropic'}\n",
      "{'R': '[-0.6650249361991882, 0.5620880722999573, 0.4917304217815399, -0.3634325861930847, -0.8187826871871948, 0.4444228708744049, 0.6524251699447632, 0.11684144288301468, 0.7487919926643372]', 'T': '[-1.2660948038101196, 1.677422285079956, 9.955686569213867]', 'focal_length': '[15.387351989746094, 15.38863468170166]', 'principal_point': '[-0.0, 0.004629629664123058]', 'intrinsics_format': 'ndc_isotropic'}\n",
      "{'R': '[-0.6982924342155457, 0.538517951965332, 0.4715782701969147, -0.35138651728630066, -0.8318449854850769, 0.4296061098575592, 0.6236306428909302, 0.13428446650505066, 0.7700990438461304]', 'T': '[-1.097434401512146, 1.7521836757659912, 9.999157905578613]', 'focal_length': '[15.334858894348145, 15.334858894348145]', 'principal_point': '[-0.0, -0.0]', 'intrinsics_format': 'ndc_isotropic'}\n",
      "{'R': '[-0.7189269661903381, 0.5227975249290466, 0.45806851983070374, -0.34050655364990234, -0.8394104838371277, 0.4236099123954773, 0.6059697270393372, 0.1485692709684372, 0.7814908027648926]', 'T': '[-0.9628470540046692, 1.7168182134628296, 9.897300720214844]', 'focal_length': '[15.141563415527344, 15.141563415527344]', 'principal_point': '[-0.004629629664123058, -0.0]', 'intrinsics_format': 'ndc_isotropic'}\n",
      "{'R': '[-0.7468680739402771, 0.4962901175022125, 0.44258803129196167, -0.3240674138069153, -0.8528361320495605, 0.4094519019126892, 0.5806620121002197, 0.1623782068490982, 0.7977875471115112]', 'T': '[-0.7906354069709778, 1.4970601797103882, 9.821342468261719]', 'focal_length': '[15.066394805908203, 15.066394805908203]', 'principal_point': '[-0.0, -0.0]', 'intrinsics_format': 'ndc_isotropic'}\n",
      "{'R': '[-0.7745957374572754, 0.47186729311943054, 0.4211207926273346, -0.3106991946697235, -0.8638694882392883, 0.3964788615703583, 0.5508788228034973, 0.17626892030239105, 0.8157584071159363]', 'T': '[-0.6331667304039001, 1.329417109489441, 9.538824081420898]', 'focal_length': '[14.702226638793945, 14.702226638793945]', 'principal_point': '[-0.0, 0.004629629664123058]', 'intrinsics_format': 'ndc_isotropic'}\n",
      "{'R': '[-0.7919048070907593, 0.45454224944114685, 0.4077721834182739, -0.30153724551200867, -0.871757984161377, 0.3861519992351532, 0.5310010313987732, 0.1828371286392212, 0.8274106979370117]', 'T': '[-0.5942011475563049, 1.2962236404418945, 9.51079273223877]', 'focal_length': '[14.698005676269531, 14.698005676269531]', 'principal_point': '[0.004629629664123058, 0.004629629664123058]', 'intrinsics_format': 'ndc_isotropic'}\n",
      "{'R': '[-0.8181398510932922, 0.4288468360900879, 0.383063405752182, -0.2888512909412384, -0.8825303912162781, 0.37108632922172546, 0.4972042739391327, 0.19295217096805573, 0.8459062576293945]', 'T': '[-0.6613384485244751, 1.242168664932251, 9.477943420410156]', 'focal_length': '[14.703949928283691, 14.703949928283691]', 'principal_point': '[0.004629629664123058, 0.004629629664123058]', 'intrinsics_format': 'ndc_isotropic'}\n",
      "{'R': '[-0.8354750275611877, 0.41091564297676086, 0.3648695945739746, -0.2812849283218384, -0.890173077583313, 0.35842806100845337, 0.4720807671546936, 0.19682537019252777, 0.859301745891571]', 'T': '[-0.7699586749076843, 1.1896754503250122, 9.435792922973633]', 'focal_length': '[14.654884338378906, 14.654884338378906]', 'principal_point': '[-0.0, 0.004629629664123058]', 'intrinsics_format': 'ndc_isotropic'}\n",
      "{'R': '[-0.8610033392906189, 0.38276275992393494, 0.3349117934703827, -0.2674914598464966, -0.9008629322052002, 0.3418981730937958, 0.4325754940509796, 0.2047894150018692, 0.8780317306518555]', 'T': '[-0.9670513272285461, 1.150526523590088, 9.470999717712402]', 'focal_length': '[14.644988059997559, 14.644988059997559]', 'principal_point': '[-0.004629629664123058, -0.0]', 'intrinsics_format': 'ndc_isotropic'}\n",
      "{'R': '[-0.8770450949668884, 0.36367011070251465, 0.31390437483787537, -0.25793787837028503, -0.9077133536338806, 0.3309449255466461, 0.4052899479866028, 0.20928581058979034, 0.8899098038673401]', 'T': '[-1.0750871896743774, 1.1475621461868286, 9.56299877166748]', 'focal_length': '[14.68068790435791, 14.68068790435791]', 'principal_point': '[-0.004629629664123058, -0.004629629664123058]', 'intrinsics_format': 'ndc_isotropic'}\n",
      "{'R': '[-0.8989740014076233, 0.33437156677246094, 0.28291580080986023, -0.24122720956802368, -0.9170997738838196, 0.31739160418510437, 0.3655887544155121, 0.21707983314990997, 0.9051083922386169]', 'T': '[-1.1442360877990723, 1.1566426753997803, 9.684288024902344]', 'focal_length': '[14.470985412597656, 14.470985412597656]', 'principal_point': '[-0.0, -0.0]', 'intrinsics_format': 'ndc_isotropic'}\n",
      "{'R': '[-0.9118340611457825, 0.3145779073238373, 0.2638170123100281, -0.22885531187057495, -0.9229400157928467, 0.3095269501209259, 0.3408576250076294, 0.22186128795146942, 0.9135609865188599]', 'T': '[-1.2000842094421387, 1.2040965557098389, 9.897754669189453]', 'focal_length': '[14.562634468078613, 14.562634468078613]', 'principal_point': '[-0.0, -0.0]', 'intrinsics_format': 'ndc_isotropic'}\n",
      "{'R': '[-0.9283217191696167, 0.28572365641593933, 0.23786720633506775, -0.20920515060424805, -0.9303663969039917, 0.301084041595459, 0.30733048915863037, 0.22973980009555817, 0.9234541654586792]', 'T': '[-1.2437870502471924, 1.289394497871399, 9.963993072509766]', 'focal_length': '[14.505171775817871, 14.505171775817871]', 'principal_point': '[-0.0, -0.004629629664123058]', 'intrinsics_format': 'ndc_isotropic'}\n",
      "{'R': '[-0.9385266304016113, 0.2658972442150116, 0.22015100717544556, -0.1952105015516281, -0.9347711801528931, 0.29680919647216797, 0.2847115695476532, 0.23558755218982697, 0.9292135238647461]', 'T': '[-1.168599009513855, 1.3093153238296509, 9.600440979003906]', 'focal_length': '[14.015581130981445, 14.015581130981445]', 'principal_point': '[-0.0, -0.0]', 'intrinsics_format': 'ndc_isotropic'}\n",
      "{'R': '[-0.9501550793647766, 0.2358693778514862, 0.20388957858085632, -0.1711832582950592, -0.9412419199943542, 0.2911355495452881, 0.260579377412796, 0.24172143638134003, 0.9347026944160461]', 'T': '[-0.9421785473823547, 1.1242979764938354, 9.137588500976562]', 'focal_length': '[13.835923194885254, 13.835923194885254]', 'principal_point': '[-0.0, 0.004629629664123058]', 'intrinsics_format': 'ndc_isotropic'}\n",
      "{'R': '[-0.9567107558250427, 0.21532291173934937, 0.19580744206905365, -0.15384364128112793, -0.9452560544013977, 0.2877899706363678, 0.24705594778060913, 0.2452080398797989, 0.9374627470970154]', 'T': '[-0.7022600769996643, 0.9012108445167542, 8.734485626220703]', 'focal_length': '[13.719184875488281, 13.719184875488281]', 'principal_point': '[0.004629629664123058, -0.0]', 'intrinsics_format': 'ndc_isotropic'}\n",
      "{'R': '[-0.9660544395446777, 0.18592458963394165, 0.17936241626739502, -0.13104943931102753, -0.9510202407836914, 0.279975950717926, 0.22263169288635254, 0.2469666600227356, 0.9431026577949524]', 'T': '[-0.2632182538509369, 0.6073840856552124, 8.054776191711426]', 'focal_length': '[13.164825439453125, 13.164825439453125]', 'principal_point': '[0.004629629664123058, 0.004629629664123058]', 'intrinsics_format': 'ndc_isotropic'}\n",
      "{'R': '[-0.9715918302536011, 0.16669541597366333, 0.1679939180612564, -0.11488743126392365, -0.9528084397315979, 0.28099289536476135, 0.2069062441587448, 0.253710001707077, 0.9448920488357544]', 'T': '[-0.006986010819673538, 0.5159485340118408, 7.729617595672607]', 'focal_length': '[12.884759902954102, 12.884759902954102]', 'principal_point': '[-0.0, -0.0]', 'intrinsics_format': 'ndc_isotropic'}\n",
      "{'R': '[-0.979122519493103, 0.13953062891960144, 0.1478184163570404, -0.09423693269491196, -0.955915093421936, 0.2781110107898712, 0.18010686337947845, 0.25837478041648865, 0.9491069316864014]', 'T': '[0.15321402251720428, 0.41499659419059753, 7.686577320098877]', 'focal_length': '[13.062700271606445, 13.062700271606445]', 'principal_point': '[0.004629629664123058, -0.0]', 'intrinsics_format': 'ndc_isotropic'}\n",
